// test test 
dimwishlist:item=1216130969

// Hung Jury SR4 (Adept)
dimwishlist:item=681067419&perks=839105230,3142289711,1820235745,3038247973
dimwishlist:item=681067419&perks=4090651448,3142289711,1820235745,3038247973
dimwishlist:item=681067419&perks=3250034553,3142289711,1820235745,3038247973
dimwishlist:item=681067419&perks=1482024992,3142289711,1820235745,3038247973
dimwishlist:item=681067419&perks=839105230,3230963543,1820235745,3038247973
dimwishlist:item=681067419&perks=4090651448,3230963543,1820235745,3038247973
dimwishlist:item=681067419&perks=3250034553,3230963543,1820235745,3038247973
dimwishlist:item=681067419&perks=1482024992,3230963543,1820235745,3038247973
dimwishlist:item=681067419&perks=839105230,3142289711,1570042021,3038247973
dimwishlist:item=681067419&perks=4090651448,3142289711,1570042021,3038247973
dimwishlist:item=681067419&perks=3250034553,3142289711,1570042021,3038247973
dimwishlist:item=681067419&perks=1482024992,3142289711,1570042021,3038247973
dimwishlist:item=681067419&perks=839105230,3230963543,1570042021,3038247973
dimwishlist:item=681067419&perks=4090651448,3230963543,1570042021,3038247973
dimwishlist:item=681067419&perks=3250034553,3230963543,1570042021,3038247973
dimwishlist:item=681067419&perks=1482024992,3230963543,1570042021,3038247973
dimwishlist:item=681067419&perks=839105230,3142289711,588594999,3038247973
dimwishlist:item=681067419&perks=4090651448,3142289711,588594999,3038247973
dimwishlist:item=681067419&perks=3250034553,3142289711,588594999,3038247973
dimwishlist:item=681067419&perks=1482024992,3142289711,588594999,3038247973
dimwishlist:item=681067419&perks=839105230,3230963543,588594999,3038247973
dimwishlist:item=681067419&perks=4090651448,3230963543,588594999,3038247973
dimwishlist:item=681067419&perks=3250034553,3230963543,588594999,3038247973
dimwishlist:item=681067419&perks=1482024992,3230963543,588594999,3038247973
dimwishlist:item=681067419&perks=839105230,3142289711,247725512,3038247973
dimwishlist:item=681067419&perks=4090651448,3142289711,247725512,3038247973
dimwishlist:item=681067419&perks=3250034553,3142289711,247725512,3038247973
dimwishlist:item=681067419&perks=1482024992,3142289711,247725512,3038247973
dimwishlist:item=681067419&perks=839105230,3230963543,247725512,3038247973
dimwishlist:item=681067419&perks=4090651448,3230963543,247725512,3038247973
dimwishlist:item=681067419&perks=3250034553,3230963543,247725512,3038247973
dimwishlist:item=681067419&perks=1482024992,3230963543,247725512,3038247973
dimwishlist:item=681067419&perks=839105230,3142289711,1820235745,3592538738
dimwishlist:item=681067419&perks=4090651448,3142289711,1820235745,3592538738
dimwishlist:item=681067419&perks=3250034553,3142289711,1820235745,3592538738
dimwishlist:item=681067419&perks=1482024992,3142289711,1820235745,3592538738
dimwishlist:item=681067419&perks=839105230,3230963543,1820235745,3592538738
dimwishlist:item=681067419&perks=4090651448,3230963543,1820235745,3592538738
dimwishlist:item=681067419&perks=3250034553,3230963543,1820235745,3592538738
dimwishlist:item=681067419&perks=1482024992,3230963543,1820235745,3592538738
dimwishlist:item=681067419&perks=839105230,3142289711,1570042021,3592538738
dimwishlist:item=681067419&perks=4090651448,3142289711,1570042021,3592538738
dimwishlist:item=681067419&perks=3250034553,3142289711,1570042021,3592538738
dimwishlist:item=681067419&perks=1482024992,3142289711,1570042021,3592538738
dimwishlist:item=681067419&perks=839105230,3230963543,1570042021,3592538738
dimwishlist:item=681067419&perks=4090651448,3230963543,1570042021,3592538738
dimwishlist:item=681067419&perks=3250034553,3230963543,1570042021,3592538738
dimwishlist:item=681067419&perks=1482024992,3230963543,1570042021,3592538738
dimwishlist:item=681067419&perks=839105230,3142289711,588594999,3592538738
dimwishlist:item=681067419&perks=4090651448,3142289711,588594999,3592538738
dimwishlist:item=681067419&perks=3250034553,3142289711,588594999,3592538738
dimwishlist:item=681067419&perks=1482024992,3142289711,588594999,3592538738
dimwishlist:item=681067419&perks=839105230,3230963543,588594999,3592538738
dimwishlist:item=681067419&perks=4090651448,3230963543,588594999,3592538738
dimwishlist:item=681067419&perks=3250034553,3230963543,588594999,3592538738
dimwishlist:item=681067419&perks=1482024992,3230963543,588594999,3592538738
dimwishlist:item=681067419&perks=839105230,3142289711,247725512,3592538738
dimwishlist:item=681067419&perks=4090651448,3142289711,247725512,3592538738
dimwishlist:item=681067419&perks=3250034553,3142289711,247725512,3592538738
dimwishlist:item=681067419&perks=1482024992,3142289711,247725512,3592538738
dimwishlist:item=681067419&perks=839105230,3230963543,247725512,3592538738
dimwishlist:item=681067419&perks=4090651448,3230963543,247725512,3592538738
dimwishlist:item=681067419&perks=3250034553,3230963543,247725512,3592538738
dimwishlist:item=681067419&perks=1482024992,3230963543,247725512,3592538738
dimwishlist:item=681067419&perks=839105230,3142289711,1820235745,4049631843
dimwishlist:item=681067419&perks=4090651448,3142289711,1820235745,4049631843
dimwishlist:item=681067419&perks=3250034553,3142289711,1820235745,4049631843
dimwishlist:item=681067419&perks=1482024992,3142289711,1820235745,4049631843
dimwishlist:item=681067419&perks=839105230,3230963543,1820235745,4049631843
dimwishlist:item=681067419&perks=4090651448,3230963543,1820235745,4049631843
dimwishlist:item=681067419&perks=3250034553,3230963543,1820235745,4049631843
dimwishlist:item=681067419&perks=1482024992,3230963543,1820235745,4049631843
dimwishlist:item=681067419&perks=839105230,3142289711,1570042021,4049631843
dimwishlist:item=681067419&perks=4090651448,3142289711,1570042021,4049631843
dimwishlist:item=681067419&perks=3250034553,3142289711,1570042021,4049631843
dimwishlist:item=681067419&perks=1482024992,3142289711,1570042021,4049631843
dimwishlist:item=681067419&perks=839105230,3230963543,1570042021,4049631843
dimwishlist:item=681067419&perks=4090651448,3230963543,1570042021,4049631843
dimwishlist:item=681067419&perks=3250034553,3230963543,1570042021,4049631843
dimwishlist:item=681067419&perks=1482024992,3230963543,1570042021,4049631843
dimwishlist:item=681067419&perks=839105230,3142289711,588594999,4049631843
dimwishlist:item=681067419&perks=4090651448,3142289711,588594999,4049631843
dimwishlist:item=681067419&perks=3250034553,3142289711,588594999,4049631843
dimwishlist:item=681067419&perks=1482024992,3142289711,588594999,4049631843
dimwishlist:item=681067419&perks=839105230,3230963543,588594999,4049631843
dimwishlist:item=681067419&perks=4090651448,3230963543,588594999,4049631843
dimwishlist:item=681067419&perks=3250034553,3230963543,588594999,4049631843
dimwishlist:item=681067419&perks=1482024992,3230963543,588594999,4049631843
dimwishlist:item=681067419&perks=839105230,3142289711,247725512,4049631843
dimwishlist:item=681067419&perks=4090651448,3142289711,247725512,4049631843
dimwishlist:item=681067419&perks=3250034553,3142289711,247725512,4049631843
dimwishlist:item=681067419&perks=1482024992,3142289711,247725512,4049631843
dimwishlist:item=681067419&perks=839105230,3230963543,247725512,4049631843
dimwishlist:item=681067419&perks=4090651448,3230963543,247725512,4049631843
dimwishlist:item=681067419&perks=3250034553,3230963543,247725512,4049631843
dimwishlist:item=681067419&perks=1482024992,3230963543,247725512,4049631843
dimwishlist:item=681067419&perks=839105230,3142289711,1820235745,1561789734
dimwishlist:item=681067419&perks=4090651448,3142289711,1820235745,1561789734
dimwishlist:item=681067419&perks=3250034553,3142289711,1820235745,1561789734
dimwishlist:item=681067419&perks=1482024992,3142289711,1820235745,1561789734
dimwishlist:item=681067419&perks=839105230,3230963543,1820235745,1561789734
dimwishlist:item=681067419&perks=4090651448,3230963543,1820235745,1561789734
dimwishlist:item=681067419&perks=3250034553,3230963543,1820235745,1561789734
dimwishlist:item=681067419&perks=1482024992,3230963543,1820235745,1561789734
dimwishlist:item=681067419&perks=839105230,3142289711,1570042021,1561789734
dimwishlist:item=681067419&perks=4090651448,3142289711,1570042021,1561789734
dimwishlist:item=681067419&perks=3250034553,3142289711,1570042021,1561789734
dimwishlist:item=681067419&perks=1482024992,3142289711,1570042021,1561789734
dimwishlist:item=681067419&perks=839105230,3230963543,1570042021,1561789734
dimwishlist:item=681067419&perks=4090651448,3230963543,1570042021,1561789734
dimwishlist:item=681067419&perks=3250034553,3230963543,1570042021,1561789734
dimwishlist:item=681067419&perks=1482024992,3230963543,1570042021,1561789734
dimwishlist:item=681067419&perks=839105230,3142289711,588594999,1561789734
dimwishlist:item=681067419&perks=4090651448,3142289711,588594999,1561789734
dimwishlist:item=681067419&perks=3250034553,3142289711,588594999,1561789734
dimwishlist:item=681067419&perks=1482024992,3142289711,588594999,1561789734
dimwishlist:item=681067419&perks=839105230,3230963543,588594999,1561789734
dimwishlist:item=681067419&perks=4090651448,3230963543,588594999,1561789734
dimwishlist:item=681067419&perks=3250034553,3230963543,588594999,1561789734
dimwishlist:item=681067419&perks=1482024992,3230963543,588594999,1561789734
dimwishlist:item=681067419&perks=839105230,3142289711,247725512,1561789734
dimwishlist:item=681067419&perks=4090651448,3142289711,247725512,1561789734
dimwishlist:item=681067419&perks=3250034553,3142289711,247725512,1561789734
dimwishlist:item=681067419&perks=1482024992,3142289711,247725512,1561789734
dimwishlist:item=681067419&perks=839105230,3230963543,247725512,1561789734
dimwishlist:item=681067419&perks=4090651448,3230963543,247725512,1561789734
dimwishlist:item=681067419&perks=3250034553,3230963543,247725512,1561789734
dimwishlist:item=681067419&perks=1482024992,3230963543,247725512,1561789734
dimwishlist:item=681067419&perks=839105230,3142289711,1820235745,3824105627
dimwishlist:item=681067419&perks=4090651448,3142289711,1820235745,3824105627
dimwishlist:item=681067419&perks=3250034553,3142289711,1820235745,3824105627
dimwishlist:item=681067419&perks=1482024992,3142289711,1820235745,3824105627
dimwishlist:item=681067419&perks=839105230,3230963543,1820235745,3824105627
dimwishlist:item=681067419&perks=4090651448,3230963543,1820235745,3824105627
dimwishlist:item=681067419&perks=3250034553,3230963543,1820235745,3824105627
dimwishlist:item=681067419&perks=1482024992,3230963543,1820235745,3824105627
dimwishlist:item=681067419&perks=839105230,3142289711,1570042021,3824105627
dimwishlist:item=681067419&perks=4090651448,3142289711,1570042021,3824105627
dimwishlist:item=681067419&perks=3250034553,3142289711,1570042021,3824105627
dimwishlist:item=681067419&perks=1482024992,3142289711,1570042021,3824105627
dimwishlist:item=681067419&perks=839105230,3230963543,1570042021,3824105627
dimwishlist:item=681067419&perks=4090651448,3230963543,1570042021,3824105627
dimwishlist:item=681067419&perks=3250034553,3230963543,1570042021,3824105627
dimwishlist:item=681067419&perks=1482024992,3230963543,1570042021,3824105627
dimwishlist:item=681067419&perks=839105230,3142289711,588594999,3824105627
dimwishlist:item=681067419&perks=4090651448,3142289711,588594999,3824105627
dimwishlist:item=681067419&perks=3250034553,3142289711,588594999,3824105627
dimwishlist:item=681067419&perks=1482024992,3142289711,588594999,3824105627
dimwishlist:item=681067419&perks=839105230,3230963543,588594999,3824105627
dimwishlist:item=681067419&perks=4090651448,3230963543,588594999,3824105627
dimwishlist:item=681067419&perks=3250034553,3230963543,588594999,3824105627
dimwishlist:item=681067419&perks=1482024992,3230963543,588594999,3824105627
dimwishlist:item=681067419&perks=839105230,3142289711,247725512,3824105627
dimwishlist:item=681067419&perks=4090651448,3142289711,247725512,3824105627
dimwishlist:item=681067419&perks=3250034553,3142289711,247725512,3824105627
dimwishlist:item=681067419&perks=1482024992,3142289711,247725512,3824105627
dimwishlist:item=681067419&perks=839105230,3230963543,247725512,3824105627
dimwishlist:item=681067419&perks=4090651448,3230963543,247725512,3824105627
dimwishlist:item=681067419&perks=3250034553,3230963543,247725512,3824105627
dimwishlist:item=681067419&perks=1482024992,3230963543,247725512,3824105627



